set N:= 'A' 'B' 'C' 'D' 'E' 'F' 'G' 'H' 'I';

param W:
	A	B	C	D	E	F	G	H	I=
A	0	22	9	12	0	0	0	0	0
B	22	0	35	0	0	36	0	34	0
C	9	35	0	4	65	42	0	0	0
D	12	0	4	0	33	0	0	0	30
E	0	0	65	33	0	18	23	0	0
F	0	36	42	0	18	0	39	24	0
G	0	0	0	0	23	39	0	25	21
H	0	34	0	0	0	24	25	0	19
I	0	0	0	30	0	0	21	19	0